Id,Price
725,163229.48
15856,211814.83
5480,226150.92
15664,338417.03
14275,143054.34
7633,211583.8
13329,156115.52
5502,220693.47
4220,287409.56
11538,197877.0
15975,265486.3
3310,221897.56
9286,148093.02
11260,194535.86
5214,101701.87
11307,183140.78
13543,389959.16
615,178750.38
3495,219825.84
2321,232193.81
12046,198943.39
16688,139610.58
12694,218268.6
783,150067.73
8968,153383.3
13454,173709.22
12190,249005.3
11160,109954.6
10291,194072.61
891,270317.9
2982,182790.89
3818,287442.9
2449,190023.62
8317,164531.48
4922,193437.08
1257,240139.3
9348,279695.78
4176,181562.19
10704,158888.02
6624,114259.45
5428,176297.62
12749,177168.9
8994,204312.02
11513,139934.17
3047,182755.23
9519,197511.12
12309,243832.1
14081,255815.3
8334,263139.44
6343,184845.66
14788,127890.14
15748,318142.03
153,232773.39
14149,182759.05
269,187757.2
5452,133220.6
721,159451.69
5079,338937.56
2831,116053.26
10614,110882.05
10131,281319.66
9996,250143.03
3061,202893.86
11733,311145.72
3726,240384.94
10929,218786.34
9011,360363.47
16182,274016.38
4976,171629.34
9897,244600.34
1872,154326.44
9205,429820.47
5403,418123.2
14074,191635.78
6268,154070.27
14232,163028.78
8532,227681.48
7034,354242.47
6553,544014.9
3133,172761.38
8596,199595.08
12389,250548.03
14462,176075.77
8860,354400.84
8377,268970.66
6367,292345.5
6917,237890.25
4216,197261.55
5806,170274.81
5438,183062.97
6632,205564.73
2650,153671.53
5396,181628.1
4044,150165.38
1345,234676.16
856,179515.3
12791,269325.4
12499,213421.05
12249,130476.41
14641,146867.31
1919,165616.08
7848,197144.02
10749,191396.05
15554,177955.03
15834,202351.36
1355,162290.1
15451,181676.19
12401,203157.88
10290,177636.94
9462,119849.53
3103,242077.2
3420,132090.61
12262,243532.22
5032,133700.95
8949,320791.9
15567,225475.52
16389,162430.39
7809,88523.19
8990,152409.8
16089,271779.9
12743,104727.11
5132,126486.61
1619,288745.6
2428,95475.05
16741,146704.77
13193,217185.83
12588,506063.47
5067,168418.55
14685,127214.06
2292,174884.4
5746,129251.17
12578,163341.05
14834,164812.11
2147,164005.02
8222,133374.64
10419,266400.1
11492,230133.34
3006,214533.53
8761,193303.14
15371,349435.06
16367,151281.44
6317,264157.53
10878,297820.1
3895,156917.1
8041,190498.14
13428,451058.38
14669,144062.08
1006,181544.64
12271,178348.9
3764,270283.47
7675,195248.47
11709,311655.9
8629,154282.69
1105,384714.53
6096,186072.06
11727,205453.83
5157,144171.25
3679,150251.42
1755,140387.58
7391,175918.27
7425,103529.195
6882,374824.47
10752,299385.4
7472,224946.86
14320,101466.875
9596,164451.25
5317,210198.34
7378,91993.2
16154,185298.52
3464,195368.2
4197,245456.75
9477,113074.32
12705,190234.67
16426,204150.0
1481,70739.51
9946,253610.81
12025,204994.97
5341,231172.31
9923,291879.16
7953,245798.05
11066,271281.88
5037,171046.16
2509,185206.92
4937,325556.9
12089,411249.6
4964,181087.36
16500,271449.94
4625,134192.28
2363,434062.62
8148,198444.1
3804,185116.47
4584,161248.9
10694,117384.06
2691,167568.73
2983,221212.16
13563,419641.94
10747,214747.92
1721,203660.42
2789,272150.38
7214,260055.33
8659,223798.0
5107,293100.84
3843,214749.36
14610,423051.56
15505,167744.2
5060,258730.58
16055,233675.7
14963,208953.58
4118,144463.86
1672,178833.83
3209,179326.72
16515,146281.78
973,169717.73
12529,186859.86
5896,123412.336
5450,285430.6
3249,182272.88
8911,171411.14
5898,201151.73
1024,185873.9
4766,208351.17
15804,188697.56
14303,206706.66
10707,176052.89
6605,205578.86
1138,287245.47
14088,435352.78
9154,180102.16
8190,197632.83
398,247766.4
13302,257295.73
9696,149022.25
16786,117807.67
16230,167666.06
6552,186237.17
923,231551.92
9602,301133.38
5857,273221.28
8120,168114.1
7134,184778.98
11726,172525.7
8069,123243.81
12420,174398.56
8604,167904.17
4854,299794.9
12212,190154.66
12099,357308.88
3882,443146.47
6995,310142.56
10172,218398.28
11672,326450.62
12897,285632.06
16097,178110.94
6779,235252.67
11199,194584.19
10816,181212.94
143,441747.38
5399,261533.86
3286,156553.86
13706,205762.08
1935,407912.53
16000,174185.02
2860,213627.25
11407,179244.47
16378,269992.6
12278,174243.48
3842,169333.98
2692,347708.8
7699,194458.0
6825,297355.66
7268,368517.0
1477,419020.7
9887,175876.06
9436,183877.77
3179,227485.44
1350,492395.66
10643,193056.06
5793,244756.45
11494,423302.34
4206,189531.11
12419,241344.02
8530,234293.39
5985,140587.39
8908,200367.9
256,127725.16
7234,188394.1
5648,210070.34
3014,223890.12
2184,202027.25
9189,290960.16
14884,203306.31
10333,153023.03
15896,137984.27
13269,148507.84
8603,225293.73
15087,173611.17
4344,188133.23
7981,74431.61
10908,241369.89
6190,158697.92
11742,204985.03
9224,148601.7
14667,192513.97
458,197263.22
2464,337337.66
12320,233605.28
278,190635.44
2912,186653.7
6698,206162.58
4510,127288.32
4183,189129.42
5551,238858.44
12187,163949.52
7948,216582.11
10808,187493.08
12432,178058.58
5356,175425.92
8984,554126.9
9203,188871.23
15412,89513.664
12041,133023.34
7644,280330.9
7071,208764.22
10685,178334.38
6763,190185.08
940,141007.11
14959,212638.39
1338,162710.33
5351,138904.69
6524,188575.52
12516,150406.72
3288,280036.22
3146,241659.69
3954,182252.97
11955,165218.5
1211,211147.84
15668,199684.84
1320,86570.48
9108,181787.03
16482,205539.31
5017,146921.6
8290,214014.39
4304,398486.75
1930,188826.03
12530,177863.22
11295,331481.38
3002,150937.73
15483,164647.97
11525,194647.78
13978,125681.44
4885,137028.48
8325,168137.03
3630,130739.51
9165,185798.3
13945,221742.06
10663,194763.69
14803,181548.28
7621,172121.64
8205,223997.06
10387,203704.27
5457,150875.33
10234,333941.1
6251,170458.92
701,250581.44
7930,182661.14
15028,144067.22
12172,70625.43
5805,196804.3
7411,301388.9
14806,150624.38
7890,165311.03
10440,139022.16
14926,170280.95
5381,158250.52
3800,440170.8
10511,221354.47
9324,244984.73
3313,212085.12
7351,156985.53
8459,177691.95
9957,127163.2
12024,179745.1
4380,240787.7
5042,150209.89
13289,145919.6
13407,401710.25
13258,156309.14
15993,271855.66
12525,191974.8
4062,238792.84
12065,162965.92
8227,177925.81
11333,165313.44
2867,140028.22
3319,252902.06
3523,337012.53
7055,201942.7
14930,183408.86
3444,134832.0
2940,313646.72
6935,380465.84
16116,362077.06
13370,235514.61
6103,224282.1
7446,185897.86
1859,179026.28
4079,171480.52
3228,171883.53
9665,163264.47
15957,393976.84
11533,169418.14
2314,125549.96
4096,208956.06
13437,177165.17
5980,204251.44
2008,195780.22
6754,191454.3
4129,160832.84
14557,277297.9
7096,337782.88
14297,253166.2
3967,235839.9
16485,115755.9
13075,311107.28
14289,190810.92
10988,162515.12
3230,141941.4
13250,179081.55
2559,188877.11
7739,375159.12
7213,176355.4
6639,233374.03
3164,313198.3
15207,160913.53
5113,193757.7
3929,155690.81
14493,243076.44
11110,186465.55
2033,198514.4
16057,204663.14
16709,212098.0
14313,154971.19
1028,300552.38
7187,105681.59
3738,318977.34
9869,317478.5
12644,195258.62
3686,126938.734
9196,255549.45
12326,200078.9
4936,196763.6
13314,182847.92
9857,320984.16
519,201772.03
8410,175121.08
1720,180801.61
10341,212083.36
14415,184109.17
10613,258319.33
8027,229312.67
15539,265747.88
7431,267586.12
1370,146265.81
12708,153644.17
2250,217277.73
14758,141429.92
8525,413535.8
1538,284170.47
1142,159221.97
1152,255075.12
9802,188121.53
3331,326351.75
15203,189762.98
4247,178152.9
1976,423232.72
2346,190507.62
10078,232645.36
1938,204734.98
7819,190637.7
2168,237315.61
15634,226527.55
8465,225153.88
9313,153829.23
6539,135142.44
6325,108830.57
13442,289518.0
9967,168384.72
7893,225268.38
2861,181333.56
11031,269621.03
15073,128730.73
13837,169810.75
2524,257694.17
8617,207914.56
13513,189264.2
3081,229636.22
10675,326402.53
1907,87052.53
4872,246789.58
16274,378528.9
11837,236349.34
16577,216129.56
5231,341301.56
11315,178384.73
273,203704.27
8363,214565.23
4255,198259.08
16330,238476.75
11528,174428.36
14799,287775.44
1611,266714.88
9234,179451.64
1633,114499.23
6791,211013.75
11567,305633.25
3070,215241.72
12094,234520.86
14335,307162.38
137,163469.56
7182,164273.08
11718,183001.28
5194,97824.45
97,365147.38
5118,463534.22
13920,285785.88
9952,188211.42
15337,204099.73
10243,217052.4
4048,431573.34
171,149440.06
11378,159001.44
14190,174342.77
15265,138761.27
2740,130549.53
5573,300222.78
4481,213622.89
2631,151389.4
4984,247113.95
16466,185123.25
16716,125284.805
15325,178346.17
10115,174506.44
117,519227.3
5476,107441.57
11757,177515.31
12359,125874.46
15546,185926.55
8133,158592.98
9018,364349.5
2075,169288.28
11170,292734.7
15733,201839.84
9280,148910.58
10734,316566.38
14071,158968.62
7373,215442.5
14736,184130.47
3458,113565.68
6183,172529.53
7825,220151.72
16775,177465.6
5717,172143.78
12397,144397.38
8189,495296.34
4423,207001.52
3994,112708.81
10342,189193.64
10051,190302.77
9453,143516.92
12593,486135.84
1274,88181.69
6933,267545.0
1761,145360.05
7157,356326.03
15169,148677.44
6792,313013.47
13830,182867.61
7240,186935.92
3051,248993.98
6550,116214.87
4603,198896.42
5729,174003.88
13473,314728.4
15104,136506.52
6599,395861.44
2216,306106.0
8721,301590.2
3645,194121.75
8664,207572.05
11001,209685.6
753,166062.3
8129,221781.17
15235,172243.1
3359,224160.67
10424,230653.38
10226,219686.47
9252,203003.64
3008,261098.39
5849,174007.22
8494,170520.81
6764,307104.03
12445,340707.25
11716,189240.3
4508,121919.96
5669,200170.78
11427,118484.82
11065,186248.81
8910,214435.25
16401,148300.9
11913,155427.36
6221,185827.7
10839,194217.02
2809,207733.61
13311,128878.76
6866,182467.28
6019,170449.16
3024,160992.75
1391,242987.17
15904,224035.42
15858,303690.56
9911,228012.58
16579,196564.5
4394,279962.03
1468,495990.28
12965,147801.47
2249,169852.95
14384,158629.72
13040,122446.625
8872,143420.69
12864,228778.25
15712,171090.3
14049,166172.97
1840,108570.39
12019,168002.84
8948,160727.31
15154,182205.84
6943,146981.92
12564,361326.16
12766,174483.97
7255,245428.44
7962,150496.88
709,139274.23
4634,150993.75
889,255893.53
4774,136108.36
13890,161117.8
15431,143750.67
8726,366370.0
10373,140843.62
6413,190279.94
9761,143597.7
15864,168242.98
6147,145979.23
3384,167066.39
320,269058.25
8006,178326.38
14395,178328.69
14976,101820.16
12185,224785.9
4779,127382.71
8551,157673.45
9025,277912.12
10616,222506.61
7475,110380.664
6341,321914.34
14163,143987.77
2211,192905.1
10532,303544.88
14338,138589.94
831,181388.61
3382,169482.02
9209,320153.47
7188,227632.42
7197,208288.88
11270,171675.39
15918,94963.43
6937,501778.84
6178,198984.66
10668,99247.16
1413,263229.72
6884,299044.34
8266,197291.94
14019,197089.12
16764,144349.97
15306,177236.28
3740,186084.9
5298,183339.0
8319,185766.3
4229,177057.69
13429,193812.17
1753,385756.66
860,274903.38
14219,155874.89
12113,193195.03
11309,122312.086
9930,210823.38
10570,195874.17
2839,140351.61
6699,125117.24
16647,121120.484
5325,242456.78
13733,155809.12
7818,340076.5
12505,235017.39
9489,190437.72
10106,195885.62
7864,190018.02
5134,265560.66
11859,146249.94
7440,376604.7
1525,309013.78
7339,188257.44
8,330496.1
3248,114025.8
8995,227713.77
15178,68640.195
8594,162846.84
15770,221484.48
15859,357197.94
1735,307237.72
11410,508269.4
16397,167328.5
3572,137629.34
5501,113172.77
969,183921.75
6977,313838.28
1233,187851.9
4258,171713.14
90,328015.78
16650,183430.14
197,107524.75
12514,255475.92
4367,198856.38
3199,187449.56
5600,199964.6
11641,129553.44
14609,121357.39
12775,158092.14
14240,173510.95
7933,193479.78
6945,345472.03
14006,200124.19
6320,254707.23
12061,185993.66
16369,223865.83
16354,367083.9
3970,338396.9
1048,203840.17
3639,219272.16
14448,228718.88
2812,441940.2
3932,153762.03
14875,333887.38
8883,111875.87
7622,351261.16
7252,130584.664
9751,173108.55
2378,201374.95
6816,192776.6
15358,192988.53
7843,158322.84
10448,403173.88
7840,309298.22
8880,222972.73
12551,404668.7
15470,187448.08
16207,209716.53
12123,127477.23
15247,335018.06
7481,205244.2
16171,346280.25
7461,317468.97
902,150931.9
13094,160702.88
11584,231529.58
4462,199532.73
15576,144158.31
16606,243836.78
5427,328164.72
7725,166939.8
5409,145641.7
12579,127959.42
12013,241792.52
11321,191803.23
9932,139520.73
591,157979.08
10357,193894.67
3336,240092.52
13,191298.78
4809,210433.16
7555,177526.9
15172,342129.2
6989,167873.33
4707,183476.55
2046,259679.78
6495,138701.6
3873,180061.94
7061,203660.42
12112,225729.78
8917,299072.2
7735,137532.75
16442,217636.34
4244,166521.2
3747,235035.67
11086,181706.06
10080,202347.22
15057,283251.22
1331,192492.47
8891,149821.8
13411,209638.61
16730,212463.11
2267,185991.69
3022,209288.1
11190,220408.97
11857,181674.77
9318,175303.94
16512,191870.84
2053,218757.47
13707,130072.945
12143,155272.98
14080,169004.83
6130,182681.67
7936,88071.38
10101,175960.89
5663,196111.47
14811,128413.25
1366,190552.56
908,182915.94
2953,126229.12
14629,141810.05
15096,421888.97
2115,181822.19
11770,172522.4
12701,187312.45
14584,130035.93
1893,414349.7
9501,479639.4
2138,134602.28
9346,197448.42
15960,407240.0
8230,170405.61
13843,211897.56
13810,230505.42
15650,186614.98
9974,130210.54
12200,210991.3
538,203944.22
5334,198661.62
14823,121897.06
4817,166031.27
9041,204966.11
4359,288147.94
4852,242744.34
10141,140608.05
1503,202606.38
16256,461877.44
683,104511.64
14382,167948.25
7248,205939.11
1200,176734.27
3563,180168.6
3681,401431.16
3053,252415.25
4099,215030.4
807,121878.13
4658,309408.1
3535,167989.55
12548,158283.88
10488,201893.75
5851,161686.11
13736,216504.16
875,158236.05
14449,146672.12
3958,350754.38
10727,180172.81
11296,136737.88
13646,254793.72
9599,200841.6
7135,292341.3
5943,318925.75
2695,272103.06
6766,214985.5
5630,169296.95
13586,204084.34
3507,421457.38
10014,142975.3
459,257667.86
3582,247009.34
8560,244491.75
3372,183837.97
13109,251067.45
8160,218268.22
10706,243030.1
9104,340235.75
2870,208247.22
13712,166467.0
13924,125565.82
798,282475.22
9750,411578.9
16248,391494.53
3170,173048.58
12700,196326.48
10601,143653.27
514,217195.2
4010,297542.53
8124,159849.55
10800,173281.66
13628,200111.9
11637,142655.12
781,178622.5
16156,182808.05
12618,245604.05
9766,182391.67
15987,252892.31
11051,330158.84
7673,211190.67
1245,423060.97
2443,147663.05
7413,82159.984
310,154450.8
10921,212701.5
8709,92214.22
12404,323256.47
14986,209967.4
10714,319947.72
14286,210225.2
13828,368832.44
8926,422074.0
12233,181738.28
3913,195433.47
5221,219990.53
14965,89463.766
862,192551.0
13907,135209.42
5418,177848.19
2045,176439.53
13321,181376.38
2762,239819.6
13888,196360.95
14962,140805.56
13305,392108.25
8487,227562.52
7146,164954.47
1134,181152.38
15092,327597.2
13760,223057.94
11958,445875.2
3177,182319.06
11350,199504.5
1524,116466.24
5527,228239.9
2872,194883.64
8602,418520.0
3067,353395.34
10435,215513.53
11222,213035.88
8700,157228.77
10961,225184.27
14305,191867.53
8362,316622.53
4979,162738.1
7180,348882.66
5763,93785.2
2192,231646.4
13581,191330.45
10720,159050.44
1358,233308.77
13366,324266.38
13539,367168.6
12849,181685.78
6794,183137.19
525,443971.88
12223,351987.28
16271,129145.7
5818,130901.6
16588,286443.4
8981,127966.2
16476,128001.82
14663,175757.52
3,140152.97
6615,136746.84
12215,279011.12
304,256952.52
13634,281965.28
9208,181933.03
2175,167987.48
250,195944.05
6045,194700.61
10516,157219.78
1852,471028.53
1573,214830.8
15079,169363.6
5500,177478.7
15775,148437.94
3198,158269.67
6718,197867.05
4149,175950.62
9627,250031.75
7595,299274.9
4538,193608.22
3555,185153.81
10483,356792.38
8834,174510.6
16412,176565.52
6449,152204.98
2767,185345.97
11498,156487.36
16472,143659.58
178,378802.94
10948,194650.5
13313,288757.56
8065,158807.48
102,151704.47
14428,151059.62
11973,113660.52
6663,180211.25
15989,129596.87
10955,453728.44
11772,144773.22
11364,262824.28
7082,166266.03
7749,542592.7
6428,131660.16
6869,99866.64
295,172938.34
12266,268210.56
11129,208229.3
826,418943.44
3262,236755.58
15641,309075.12
1662,515399.3
10926,221941.97
10232,202444.08
6376,190171.08
7817,186294.02
354,198752.2
10076,201040.58
11379,335401.16
10184,121888.82
4696,395070.62
13562,500534.84
5436,195095.3
13196,99125.305
14939,161925.4
14004,204250.42
5916,185937.4
7229,190595.7
9143,160638.25
3440,187407.4
319,161684.12
11683,237177.08
12647,248511.22
12788,152723.44
13662,243485.27
423,262138.42
5222,214412.2
9242,198832.2
2641,181448.36
4855,164727.47
5360,209568.12
9799,167862.11
5526,241412.25
10309,146053.66
2144,384844.2
7191,180617.1
6732,161676.1
14789,150701.98
13525,158840.97
4066,298411.94
16422,196272.9
14890,224625.83
2922,216989.55
3601,122726.95
13416,118853.85
14363,181571.5
9496,295944.78
7115,299084.06
8615,162688.4
5218,68361.07
9493,200051.16
10623,181758.75
2272,126000.83
3352,232006.86
84,185445.83
8086,123819.29
2595,244773.77
3531,153544.83
7460,343076.34
9214,262759.44
2790,223699.45
10548,244217.97
9218,192682.33
7435,181665.48
15780,180917.0
7640,213361.02
6223,184245.23
3425,113741.97
10582,148488.06
702,255977.78
2111,179855.39
11730,191986.83
9865,225621.84
16478,337339.8
1885,210859.69
3956,376607.3
16735,109909.66
15264,201503.64
15971,162191.67
5584,203196.1
15242,183563.67
14358,180881.42
11300,217363.56
5446,183641.55
3934,171919.78
6610,170650.97
10164,262608.5
4646,196666.33
13304,195692.34
1985,204024.67
4746,141848.83
7963,206385.81
14083,289211.88
13140,295978.44
15023,260572.77
13093,265194.22
7160,186687.97
7407,186819.23
16056,189100.0
751,468533.84
6179,82741.71
9137,311287.7
10992,290343.12
5744,477388.7
10884,166891.66
12858,280691.75
13005,287602.78
16714,186357.45
1419,252595.64
6064,203526.16
3771,205133.45
5945,497276.5
8453,70921.75
3806,160607.83
16748,246948.36
11380,217857.11
3107,196804.03
12003,203024.52
14567,195213.92
1079,199157.6
11705,137380.0
7814,199023.1
10174,167493.38
5514,233286.05
5265,255273.3
10520,376225.34
13195,212383.53
14601,440125.53
6012,187028.53
13079,169562.98
9009,133207.52
3122,184778.98
5470,248279.4
4840,170561.3
6270,266442.22
9158,96912.164
10120,164246.11
10672,293855.2
4573,137221.56
12118,293208.94
7447,125959.11
2171,197605.16
6126,360156.06
2836,166004.55
1457,245294.42
11165,217731.0
5923,188691.12
1813,220371.92
3492,244606.5
1917,228053.05
965,425441.0
15795,146408.7
821,207794.16
4568,191310.23
9078,219260.67
11371,124664.13
5149,192065.62
281,203839.72
1918,246040.1
776,138656.6
210,187079.06
10782,172877.11
9653,193483.67
9372,166829.84
5868,166186.9
6176,138368.73
3969,113444.34
7427,153865.4
8544,437888.7
5219,218493.33
16488,142617.98
5855,240990.7
15920,121805.87
4393,423149.47
5770,178336.22
2900,142516.48
8622,87367.36
11610,267946.1
10969,119650.71
11029,112546.59
6193,312403.2
14087,468163.8
13623,162061.0
16689,177575.67
1027,225011.81
949,155341.06
672,114585.06
13832,128609.29
2471,206638.62
8728,302641.72
7742,219749.27
2698,223196.34
9084,178590.66
6075,271897.34
2874,167279.06
13119,145246.56
5010,207669.48
1284,173647.84
1151,172361.48
5110,373373.44
11386,130460.96
8019,237740.84
2859,111524.15
16110,171152.97
16027,266139.8
14902,181807.1
14301,213262.16
2451,225574.55
13596,126332.33
1464,133375.52
7927,424879.4
9638,135036.17
8009,298499.22
11903,156665.45
9243,114731.266
547,176878.1
5511,123307.68
11247,184382.31
15928,399477.2
3434,208077.28
7614,104651.16
1380,200537.1
2770,140024.3
111,183143.22
5994,130505.836
12341,201828.56
2787,275689.56
14410,341684.7
15983,131591.03
14876,202067.0
653,145898.78
2174,239577.36
2575,314899.84
7976,168580.83
5812,324488.12
13589,311147.8
9122,135315.81
8159,495563.1
8754,302598.03
9321,212447.56
13535,172918.55
2083,169195.8
2689,380533.1
2248,237387.22
11649,151192.22
11045,330453.97
1276,96078.375
5962,148578.14
13012,171093.47
4642,161794.11
179,172041.95
15347,478377.03
3339,165295.5
8166,200015.22
11617,168563.83
52,325620.6
4395,206200.16
2183,200136.05
16045,178753.48
15719,189483.89
9864,198406.72
1903,478527.84
13451,177108.73
3640,175504.89
16551,183633.19
2343,155070.88
10528,194990.31
134,228665.12
13966,324850.2
2366,159975.52
1198,221773.31
12627,102553.92
11623,212560.34
8267,127155.55
56,282978.72
2988,267638.9
8843,252855.95
3043,254283.23
16486,348321.9
1241,169976.97
11180,301528.25
1984,183132.73
7364,146204.72
10769,136470.89
16617,229763.81
9007,334332.53
12953,385004.06
11366,181757.16
16483,189640.78
2326,200924.4
14195,148514.31
3484,227661.5
15257,186905.2
11920,208637.83
1359,180631.11
10353,164409.6
15614,133797.6
15101,262156.47
12755,322561.2
6252,187311.22
7485,196786.62
12603,195852.12
5281,404547.38
10708,158380.2
12563,157083.6
4592,193981.45
3390,401375.03
1986,167568.69
5745,131568.53
14108,189888.14
9693,110331.664
669,120919.21
7320,284374.88
10258,136689.77
507,188199.69
10365,178099.53
9363,194704.27
8736,112863.74
15100,195611.36
13420,151648.22
13248,289275.38
1972,352458.28
9258,222118.97
16455,263586.2
6150,202796.27
6283,195139.17
14979,230768.3
13935,208081.92
4985,162552.08
5393,124097.67
1730,137944.81
14129,197939.55
6254,189131.73
4173,415724.4
4910,258121.4
1297,161126.38
3366,128280.64
6044,336843.38
6259,148034.88
3852,118157.67
8723,219774.16
16109,198966.0
3721,202761.03
13453,280502.78
11962,227563.14
12998,154950.75
6886,204748.36
8200,316952.34
51,231940.08
3930,289684.06
6310,206965.38
6112,203704.27
5135,140005.19
7522,274859.66
9825,232407.61
2411,238751.36
14940,445346.78
15970,162037.61
9894,268957.44
2564,185597.05
7095,213731.61
16754,221088.88
16195,141894.92
1770,218618.53
5363,362714.62
11360,253822.2
13034,324417.5
6542,158189.58
15870,228435.94
217,248996.56
6490,289654.75
6692,330320.75
2235,162684.95
16732,259133.22
11499,193204.67
12617,200081.86
9060,261138.56
12017,148436.95
16750,194433.34
12230,165957.39
2158,169651.86
15184,138260.53
2981,189001.25
10281,199357.58
16596,198296.66
6976,452710.03
14680,161448.03
10618,180265.17
271,232577.42
10817,190341.7
1823,422242.97
9549,128188.45
1201,153611.72
2112,220607.28
2951,172428.1
7183,188330.58
11404,131506.22
5473,298170.53
9232,261718.55
3033,337102.53
11002,166958.8
8299,235696.5
15417,196265.61
15612,255763.75
6168,178420.45
13751,196482.62
764,172326.7
12833,91605.78
2009,67936.34
1005,375046.75
10740,180580.69
15323,276828.78
9884,108065.57
6185,279203.03
2311,165841.36
7538,401512.7
6256,190283.36
619,412747.75
1968,213036.97
10168,116155.2
10762,218582.16
12392,152154.31
8877,303338.66
2441,216902.9
4974,189217.5
12450,201308.5
15837,208016.81
5260,306253.72
6591,155820.05
11688,240369.97
9940,180877.42
12070,186404.92
12876,128008.445
6858,225535.86
2385,221673.53
3596,196427.78
13540,140937.86
2077,137278.81
5654,351907.8
14029,223413.55
16140,111622.02
13303,486632.44
7289,155364.92
15226,160153.06
3330,182213.3
15642,309886.22
16217,309137.62
7330,209396.11
3894,117859.086
6719,194465.47
13013,175893.38
15835,211407.56
10873,380991.66
16379,234783.25
10771,261953.23
13943,170337.58
5139,254001.34
5309,193107.17
14227,434203.88
16292,198883.73
14968,201689.4
13277,212080.3
1731,85008.68
7286,145605.28
7455,187081.83
3250,200566.05
1659,197746.36
15806,252870.86
7491,240164.16
1990,216911.81
7769,227645.81
9694,227958.81
11961,215554.22
4669,224115.86
13826,328211.28
1691,218251.61
3986,127450.195
1407,176028.11
5517,180396.55
8432,174912.98
2214,167419.36
10449,179756.92
2941,202382.42
5944,184128.47
1555,260103.58
6105,169991.62
4453,235839.88
5892,244579.9
5000,292070.66
12995,185824.75
8905,183871.44
11440,146538.6
419,247747.84
4712,149937.81
2094,156536.78
4567,163817.42
10717,177925.8
1248,380346.12
12405,187941.84
8331,457573.06
3113,168229.75
6926,293292.28
6777,306418.38
4060,176047.5
11547,265690.56
15199,145935.69
9282,188060.2
16123,233449.38
14094,182717.78
8770,273227.53
1054,360523.16
11363,199901.02
8756,116155.2
4800,163560.77
7620,96958.055
9101,172840.42
13954,231365.11
13600,402193.4
2893,210717.47
763,211806.48
5347,186332.12
12096,99136.91
16333,235233.45
16432,314556.78
3513,103273.695
13494,207030.44
8690,203564.89
7266,164466.06
3472,165584.4
7021,202844.77
12952,216960.5
2774,205802.3
607,201719.36
6897,203891.45
8220,209624.44
8071,163109.58
7091,275968.12
1805,341943.1
3594,205210.2
13103,229324.66
2203,146455.48
12622,168651.84
13270,216057.19
9461,111172.27
7759,121986.016
4256,202716.4
9093,192947.84
6033,260111.22
7734,181716.03
12368,458381.34
11740,219346.19
9907,164673.95
12398,303072.1
6290,224886.0
2882,237281.81
5091,196504.69
7228,243428.4
5953,334426.78
5707,327590.88
10159,188179.28
7813,207191.2
6463,183266.98
7264,162084.05
5405,184833.45
7543,186046.88
13702,257508.58
5538,232442.84
6762,121522.695
9416,193265.08
10415,327451.66
2139,272329.25
13151,157570.38
10301,203430.34
13273,215563.33
7609,118465.96
4884,167781.5
3438,210871.52
2215,180552.77
1723,111542.375
2340,206594.8
3950,337896.03
7312,198094.97
3602,334758.34
12053,144435.9
16240,180351.39
8301,203660.42
14068,193841.4
6216,403085.66
12910,217312.75
7656,411435.0
7854,202495.73
14636,176312.95
12267,276168.78
11334,364800.6
9326,295422.97
5935,177789.9
16132,146780.03
8318,156711.52
5009,175257.05
3883,198000.69
7565,165142.7
7960,131958.16
16736,191277.48
15284,162583.23
4301,234189.77
4273,406244.03
8436,155047.5
2113,356321.25
8469,252162.62
648,217176.52
7526,216198.55
9656,178946.47
516,148277.48
6849,375793.03
7013,221580.2
13741,397789.53
13281,190074.17
12374,248554.97
11855,465676.75
2759,126550.95
6759,117404.57
1667,152092.36
5138,312637.62
2452,150009.02
13027,106638.36
2493,137560.0
9899,152073.36
8151,201324.83
5349,146270.45
3926,285783.12
6394,301451.25
11720,186067.66
578,197918.11
4001,188050.06
13504,203705.31
14836,332066.8
1741,166717.25
1278,185216.56
11890,206662.2
1803,200917.2
11418,200014.89
13693,214800.36
7321,220274.67
12575,163077.75
6966,214556.8
16613,170055.75
3148,490096.72
8920,163985.08
13984,442996.03
802,255253.25
13893,179614.66
2495,159985.75
1695,158442.5
14995,329655.75
10890,261403.52
5282,284079.0
13487,202237.19
16615,364401.22
4545,388596.16
14032,143758.75
15707,281593.78
13931,191224.34
946,172254.12
11500,584820.1
10220,140656.05
2604,207835.9
10761,362120.47
10982,284120.78
11729,195601.16
8152,123633.2
5323,172195.4
9448,165098.42
14935,147305.53
385,292566.4
7039,298822.94
9366,177657.84
15823,248037.45
8993,186257.69
1282,180287.34
437,171674.72
11011,122113.28
10104,178583.98
16321,146452.38
11188,253432.47
14291,159918.48
7781,174827.98
1203,217028.27
3731,227623.56
9037,360114.75
12937,156712.8
5196,203840.17
1746,174387.89
6345,119500.2
7950,278553.0
11552,213458.47
11950,89790.414
4805,365141.12
9152,332599.44
555,347166.22
6765,138023.44
8515,278941.25
13915,187636.92
16036,170416.86
16625,196113.9
11870,270125.4
3304,148307.81
9636,256877.8
5232,455192.9
8878,208316.19
2756,201148.7
5140,130204.17
375,185993.66
7149,237544.75
16353,285146.44
15742,184778.98
5957,162989.2
12580,180909.03
10409,249013.83
13766,173881.14
7778,191734.39
9028,191143.12
14213,180659.92
12691,215638.5
1658,163967.55
15352,209438.45
10670,203704.27
14260,184086.33
8870,197400.1
12054,180522.17
9386,389420.62
14378,335140.22
2080,169157.69
12729,230461.64
932,125096.4
3149,210445.34
245,200748.4
6334,182515.73
11684,358550.4
5099,126102.39
1828,129006.47
13464,194726.34
4023,263550.97
6563,148319.16
13207,184572.08
14075,536383.7
5722,188797.2
2308,268285.1
8169,246402.08
3341,216692.28
7693,74343.0
2549,251023.14
11576,321554.5
8010,240943.55
605,259342.89
1580,306567.88
1588,327645.72
15197,173378.4
190,190079.81
12488,118905.016
12254,226000.02
3991,195922.12
5076,217152.23
3214,141841.89
2348,195837.64
13573,200246.97
14296,184070.84
4207,230996.38
6529,236732.33
16043,159302.88
2508,200443.78
12297,167115.38
10012,213943.02
1874,156479.73
8451,210488.56
16108,218844.6
7200,405511.1
859,422326.78
8415,268099.75
1649,70673.84
6269,359645.44
8350,170546.94
10978,203704.27
16751,179092.0
10133,122750.305
11908,193034.06
15627,129383.23
14923,85802.79
3669,285317.78
8316,125777.04
5702,297487.3
3480,179104.97
11965,197964.67
5869,114317.92
11147,198712.17
6505,173864.23
13797,373403.88
14915,193452.92
8221,171356.98
5873,158443.23
13900,232992.95
13804,259660.19
994,170105.36
2118,187325.83
15158,224663.31
9898,115307.54
3509,493967.66
10228,97483.8
12409,382968.12
9260,223277.25
11462,155664.03
3265,203721.38
54,243639.27
9316,343448.78
16208,306071.16
16582,166386.77
6338,227039.34
699,190469.73
3396,153930.33
13995,182104.14
8971,123514.53
6068,232168.47
7020,191233.75
14015,180814.67
4172,216814.89
12959,446736.97
5659,170288.05
14766,128703.445
14402,186767.9
6611,154689.75
3213,298414.75
13306,176467.52
5966,214320.4
3685,408401.3
10994,214463.95
13564,211699.03
6507,188587.45
3196,178867.69
1771,151611.34
13367,327721.9
1529,127370.21
11128,168463.88
11948,232208.33
3798,121827.695
11443,177598.61
15581,161458.7
15056,247142.72
5114,319749.2
12195,185342.56
2044,288163.16
13169,97433.97
15180,361777.72
15543,150721.8
3770,144803.78
772,260578.48
990,161351.86
5567,215806.45
10805,296502.2
3951,244792.61
9484,179158.27
3867,316467.9
15605,223926.6
3805,260847.38
7254,297828.44
2179,222850.03
12745,196061.02
16545,250915.64
7310,225995.19
8539,170416.86
222,179125.81
14084,366422.8
15453,139610.58
12318,253530.27
7368,393216.28
4027,227449.61
4106,143635.84
506,186476.31
1995,223956.92
7165,224263.66
12615,173909.22
16792,164006.14
221,243279.33
9710,143698.98
4364,158157.8
3379,316970.34
8954,202110.44
16630,161916.0
9624,345087.22
6967,267975.94
8070,201367.64
933,190857.62
8155,246280.55
6771,169363.6
16477,161540.38
675,207484.02
7201,183097.06
8254,168630.9
11325,206262.53
14018,146256.06
5190,385620.5
5505,126011.72
2886,227737.47
6941,94729.33
2668,172809.39
13831,179597.33
11036,252301.88
13691,107204.55
2007,237881.77
6442,138167.75
10010,241676.22
3259,235395.22
14013,184345.97
2261,488686.28
4110,169096.16
13293,123267.29
14931,237766.86
12293,148644.2
16398,284909.5
7132,173018.88
2780,183784.19
5700,220983.16
8186,180957.25
7031,126921.03
11269,418342.03
632,139827.84
6330,333021.62
10905,184457.53
6313,220984.86
13396,182526.19
13414,193323.75
4270,152990.3
926,145914.3
11452,70033.52
16228,467383.6
1781,224755.31
16492,186251.77
14594,185463.72
4485,188362.02
8306,174039.38
2071,180992.02
9895,210635.22
10544,201149.61
11253,359982.2
15213,384675.5
2990,142562.12
4518,293302.34
2766,162961.45
3275,227062.0
14971,181094.02
14863,137541.66
1352,217843.84
3423,163481.47
13021,286219.12
10489,153368.69
12055,199514.0
13089,72520.15
16275,236723.67
4272,158727.97
3204,218921.4
863,316613.6
3289,125594.055
9557,231782.17
14381,205712.47
15208,505304.12
8030,252604.56
8080,137508.0
9876,243820.08
5571,254427.77
5439,207816.47
10689,179577.03
9919,180415.86
7348,270705.44
11686,238390.14
16643,354057.06
164,117949.29
15912,283514.2
14237,197108.27
7965,238376.89
9778,143361.19
14321,145127.45
10617,181603.66
12007,151707.2
1415,101623.59
12912,284378.9
12062,301103.25
7762,205756.72
4381,487371.34
7986,164841.39
10647,243700.69
13452,190263.39
230,258932.12
9285,240170.84
4221,443936.4
16384,170337.58
14645,213446.38
778,181308.94
6633,212957.58
15137,112524.04
62,181379.19
10606,388805.34
7791,108560.6
4161,171492.56
5553,285881.8
9433,72011.68
7363,280841.03
10162,212495.7
9568,220955.83
9901,219456.81
8047,170530.38
12954,147201.36
12479,180024.19
3357,307055.03
15088,172696.52
163,263303.4
988,226470.97
5877,267340.12
1683,218608.16
5206,186032.14
11155,154322.36
15339,177095.92
1590,200597.38
11100,152697.66
11216,183965.95
1624,217675.16
6113,221506.92
2181,341150.12
1023,252079.61
8673,138274.7
1646,301485.06
11608,103421.3
5988,173467.05
14354,241669.27
6369,112091.05
15936,213677.55
13240,352083.53
3481,161184.61
3479,248459.61
1698,345787.56
13154,260717.1
7802,187378.72
9702,181851.25
12895,374042.62
5728,183372.02
10793,251076.28
13529,197773.47
746,205730.38
2610,158214.61
10932,178439.03
15350,268207.62
15692,178304.36
5484,184486.47
15608,202077.67
5253,282911.66
1686,291077.84
10624,403159.3
267,143206.86
3295,343057.47
9481,319298.28
732,249486.52
10022,389769.47
6135,302282.0
7224,240619.77
14887,198809.03
7382,198359.11
3242,128013.88
3106,203735.44
14678,194142.92
6626,219759.66
6576,200892.86
9008,199053.62
2931,296938.22
10023,187923.14
14964,156135.81
796,259941.52
5169,100374.016
1814,142820.73
7372,207114.23
13672,181764.61
4124,200583.14
1095,153001.28
15950,89834.98
817,448383.62
15779,125603.56
11506,227011.16
8689,327366.06
10077,244397.25
10514,221461.78
2198,614254.6
8005,197488.39
625,330913.22
9420,174213.64
10350,208709.03
14494,175757.83
11615,308228.38
93,306465.4
950,223364.1
3325,167521.06
14459,141602.4
16531,230012.95
11228,210624.22
11761,213285.14
12629,211564.38
10339,236550.12
12203,122788.36
16744,236839.66
2786,197562.5
316,111299.41
11424,137319.72
8021,137177.53
12679,451462.25
1871,154643.92
5767,207750.61
4047,197708.47
16235,240099.4
10604,241115.5
1510,250242.03
854,139468.9
1860,181941.95
1593,182754.2
381,183137.19
10375,184931.17
15149,242519.27
11375,195912.53
3912,143063.9
12097,378539.25
16743,190300.52
146,271245.06
5308,125424.56
4125,167580.88
7671,389784.3
12609,112983.97
4353,178115.72
6287,180303.64
2264,285558.4
3457,145529.48
12935,142707.55
8958,182309.77
4532,166522.23
14857,202929.95
11376,200916.53
13713,218888.2
181,227026.83
10858,128213.75
5160,190044.17
6642,185818.72
9312,437346.1
7736,205854.42
4326,224127.64
1802,164240.67
16115,178639.62
16787,302724.06
7107,156320.1
6902,153613.88
8950,342756.06
9922,174821.66
11453,272205.62
10033,197398.97
12131,373484.38
11879,265181.94
8986,142428.22
82,183293.69
7664,178529.88
11116,280522.94
14096,169953.27
11577,222304.31
1908,178284.05
3658,181816.44
6148,187476.67
1324,191149.6
8792,236795.69
5883,377465.0
15245,279093.47
16382,110272.73
2131,213743.3
7581,271579.38
11488,392039.7
6091,251191.9
7295,204467.61
6427,171128.66
4558,75271.92
14436,188027.02
8373,250287.33
917,342474.88
9837,441190.9
5619,139497.4
4530,153026.84
11486,198104.34
8575,174688.5
3540,356579.78
4509,296514.34
4709,158760.28
10148,271033.53
11077,196542.2
609,157238.53
14733,199846.67
10609,157956.17
3616,154836.88
8805,253091.16
13799,219358.86
5886,270718.03
15836,130099.54
11792,139234.62
9404,300403.1
6456,179697.33
2569,127220.1
16727,219113.12
12353,175812.39
9841,223793.3
2725,172466.19
3388,246196.45
9476,185809.75
13550,104495.945
11934,239229.48
3375,177215.67
2932,272719.97
9972,212254.62
876,170928.33
13649,207307.45
13444,316224.88
12748,237933.02
2003,184125.6
2376,232559.64
15961,190199.52
1221,240478.39
7064,235714.77
7799,149415.02
4549,475943.5
11061,174848.28
2132,402538.9
10692,177849.53
14546,300561.94
11088,183343.31
4819,291820.66
13682,132088.2
7127,436307.62
6245,159468.8
10845,151771.77
3285,121132.2
11384,207795.75
10897,187833.5
8533,118003.23
15341,247058.22
3821,165111.86
14130,162392.14
4306,410107.22
113,182828.17
14997,181779.6
1482,163916.98
14780,358291.38
997,234336.28
7991,173563.94
15592,161719.58
11143,205495.25
12472,164557.78
13991,335758.2
13399,341229.78
2588,337706.06
14274,321643.62
11491,370693.5
4755,180959.42
7939,139830.39
1779,147781.62
11924,169225.45
12713,214893.69
12486,393592.03
13149,239701.52
4847,217904.78
7638,355072.9
15228,320579.2
10069,230124.2
2219,313544.9
956,238653.33
13680,130513.16
106,198687.89
13101,103273.086
7540,282942.88
16138,397437.4
4890,273847.1
13752,258924.02
14622,183753.0
7871,182386.33
3957,233826.83
9987,233743.23
8884,174285.83
11715,273230.5
10612,208390.48
12945,204726.72
5034,176823.81
4463,365285.88
3476,199706.42
4846,254723.38
2372,192934.94
2873,205844.72
512,203660.42
16198,208105.06
9155,270437.94
16464,97109.52
6904,184970.39
3151,176716.28
1816,164276.22
16214,323693.4
6264,324413.4
254,189701.58
5848,143426.72
4357,163318.12
14265,142751.33
12235,172879.73
11342,113135.21
6679,223825.12
5377,216334.23
7636,157110.2
12798,158772.6
16349,216077.95
3028,131180.25
12810,379403.34
15064,160078.11
13801,112468.01
13387,244755.75
371,226520.42
1161,125377.01
14593,158209.75
12144,189017.23
5555,417867.94
13493,159495.56
11130,269943.3
8658,149664.45
6491,217644.88
303,210132.73
1897,199426.67
9583,114016.27
4515,147638.08
1411,172841.75
8534,104944.77
7227,205503.02
13478,161218.98
7546,311112.22
2798,95962.016
10267,394765.28
4519,135724.48
12184,209997.38
1895,339187.88
13019,380912.4
8845,191572.1
1929,289219.56
1966,142578.53
5268,96885.78
11402,145051.47
13503,176008.27
14413,164191.72
15419,142709.73
11573,138279.06
270,165055.44
9733,179849.5
2729,201779.16
10123,253853.58
9331,228101.78
4342,137107.22
4248,278543.1
446,196156.27
6677,203638.47
8324,232518.42
9666,427340.97
7303,176423.5
2710,312949.97
3334,182536.0
11464,329121.25
12220,272687.34
14064,202777.58
14350,181217.97
2858,258244.56
13014,388455.47
13732,176216.03
3371,339054.1
5912,233863.36
5881,181159.8
6199,301870.56
7344,189968.34
6180,183789.25
3343,250472.45
12103,189604.02
5177,157627.66
7000,191355.6
3990,200626.61
11689,130988.07
5624,173636.45
7497,101058.75
618,151533.55
6909,205939.12
3346,141377.17
12521,170246.66
11871,380822.88
10610,173366.1
14869,160868.78
2268,122435.71
12058,145803.02
12426,187634.48
10662,126147.984
12512,117676.71
14852,191939.89
10876,147777.23
7720,180318.08
4334,72405.69
12275,338936.25
12228,492508.38
3715,209228.77
9534,236504.56
2333,158281.58
15628,147087.47
5043,180606.4
16704,463773.22
2891,231298.67
14478,177648.78
4429,178273.86
5929,142149.11
1845,151607.83
3001,168185.0
6741,146554.11
2202,148343.05
15490,181948.28
3752,204928.84
4620,217835.14
12795,167607.97
2662,133277.11
12845,190513.66
5604,251922.3
4861,162464.42
8100,262251.38
15990,239239.83
6561,145048.56
14107,125823.21
6274,120022.15
4428,119136.76
3184,207313.22
9247,243219.28
15016,193621.3
6009,206112.52
3190,190808.42
3386,156919.7
11984,184306.73
16215,175142.0
5506,248946.7
10016,193437.17
15394,210172.81
15724,311506.1
9409,147907.62
12634,185469.58
14316,165666.27
8675,176778.89
15231,156669.72
3236,162970.5
10087,219240.12
5018,162735.06
2728,136341.58
8092,187210.2
10698,169695.4
5859,166907.67
4198,89581.02
861,184224.67
7990,398244.12
4009,205095.3
10964,147563.7
2114,282792.03
1139,188143.73
13921,192510.84
15030,117966.64
2122,127972.24
1602,272215.06
15032,448161.84
5694,115886.92
14026,184169.22
1132,189606.39
15469,318309.66
10223,180374.92
3303,273104.3
12655,241701.98
16151,142291.58
14649,178761.0
9533,175738.64
2229,153282.8
7652,321182.4
14523,206504.75
12991,189187.75
4539,177793.27
395,156046.22
4853,251983.45
12082,168162.8
1406,264159.06
7788,176561.62
2143,143169.84
11089,126115.21
16693,159001.44
14701,146885.83
13689,190808.42
4262,228169.36
1046,196408.6
12001,334207.72
10729,202546.61
11822,262117.45
9132,316506.9
14150,207488.55
15217,177236.28
4752,173661.53
5875,163523.9
7873,267982.88
16046,147322.36
321,229770.89
15077,269264.8
9148,262723.47
10272,243660.56
9490,170538.25
5856,201024.44
2436,155595.98
526,202609.25
9067,140901.86
1166,347359.9
13029,199721.36
8264,345584.3
13499,281908.53
14681,276794.6
10625,341328.25
13668,261513.48
4126,237162.7
1527,178064.72
12829,213402.84
6074,100765.1
16629,196827.77
3231,336229.2
6218,141420.8
15050,219053.66
16053,495470.72
16745,151872.89
11336,69473.06
1318,220015.23
7424,150491.56
8102,163782.8
5468,183284.95
9942,371429.1
1001,203366.2
6010,250926.19
7766,190690.61
10266,193501.42
3139,407692.75
4759,186997.58
6760,204046.25
5682,257296.3
1648,241172.97
10363,171388.89
7551,139164.23
12901,156713.17
7938,249758.77
15709,435943.44
9663,210373.88
14868,221888.92
7617,323571.5
5755,459894.1
11519,457965.9
6954,165920.73
7463,341273.28
138,229160.22
1499,228372.25
14579,173456.62
30,170280.95
6991,259970.78
16283,169884.5
15305,440134.12
12736,290605.2
1506,486067.2
4302,153673.22
8170,221210.75
14230,190468.75
14438,262151.2
15974,176399.39
3263,191129.06
11227,161695.95
9355,126744.305
326,172406.45
13155,152169.34
13238,334297.97
2785,323339.22
7047,190770.84
4222,239300.14
14734,107651.61
4224,125933.19
11259,140316.5
6174,127222.586
14057,172810.97
5181,171998.83
5926,247367.86
193,209446.33
12528,151689.73
5128,358966.0
13462,235688.92
5845,157711.42
6872,246376.72
8821,228612.4
5106,163873.42
8164,286195.1
5679,229928.98
2985,156479.61
2106,199658.17
12494,337466.84
15150,168220.4
187,193628.17
15095,215996.2
15289,161612.72
497,173535.4
10048,135163.16
15012,138758.55
11229,177550.02
15927,186539.98
12092,147206.19
11174,221952.86
13967,180639.36
6693,207663.52
92,295976.03
13961,130020.77
16220,408978.66
13333,231149.66
7730,161620.28
15250,130151.445
16392,192112.31
14544,181352.16
7261,196123.31
16105,195329.39
2984,143516.92
3162,232588.88
2260,178162.86
7004,388922.62
452,182182.6
7828,334183.1
626,212561.84
4583,262832.78
3725,114849.15
5894,212867.11
3316,191880.86
6887,175175.94
2492,276316.7
9133,207053.55
15655,180674.86
12639,212163.78
3848,97465.28
11820,190294.06
15254,204285.9
10750,89400.445
1156,314955.62
2910,167553.7
8591,258730.92
14247,215858.44
1425,146752.73
16660,167821.92
1837,195797.34
6461,194215.3
2580,188749.73
1052,143262.42
577,258079.25
2825,277371.53
2746,436132.06
2291,391889.6
10962,248241.31
8547,216912.86
10019,186545.12
756,334630.7
1709,346237.03
9076,290252.2
3211,177540.9
2535,143482.06
10943,311080.47
4830,162468.5
9928,142390.69
16143,226742.1
16784,215415.97
16434,242689.44
436,173571.95
1226,291204.8
1259,369732.9
15299,129390.586
4343,158093.9
14661,180598.66
1988,201619.33
10173,177119.19
11746,193703.45
8412,190969.22
9281,145323.36
6246,180011.31
5440,179032.53
15301,204105.4
1223,203545.83
2714,311718.9
3077,96453.77
5549,205224.88
16626,315972.16
382,158047.61
5635,71817.695
186,243627.78
4839,127214.06
433,246212.05
7210,135641.3
15243,273569.75
9993,242588.2
7529,120158.97
14506,158143.78
5807,191828.6
2373,231712.39
13618,88181.69
9908,176097.38
5404,206630.06
11023,165659.88
9678,208714.27
6160,229682.81
4181,149547.61
4230,185656.16
13858,156807.33
15871,299999.03
7564,378623.34
14463,471561.16
15115,235574.4
7533,107203.77
9862,173367.66
5708,333313.84
272,207156.45
4612,195967.55
13336,184540.42
13944,174116.69
3517,236904.02
422,310351.28
12769,144957.03
16079,278700.6
4398,238453.27
8250,123076.13
8900,163601.3
10819,209102.69
10551,156460.11
3418,345508.9
3889,161095.53
1186,194346.0
15227,456990.44
13432,468847.4
10654,323361.03
7306,168580.83
16325,246586.03
7510,254046.42
7237,130508.53
11812,417157.56
7823,193375.05
10691,240236.2
12699,71448.68
914,202929.36
12160,228985.69
4600,241895.81
5649,152637.4
4896,189843.88
800,219396.02
10111,191806.8
3690,201213.28
10150,354965.84
8099,143654.98
9526,204576.94
7301,326202.53
655,103945.82
6187,402090.75
839,219707.64
10505,165035.17
3830,105720.47
11301,162448.31
11895,184778.98
3102,117030.375
12351,127020.266
15378,406830.53
9593,286670.56
5302,144667.95
7585,404895.12
6785,196438.55
3611,227158.88
15888,151698.38
13152,203817.28
6208,191804.05
13734,154437.05
9212,315073.44
6098,240320.16
12314,230112.08
8848,207189.3
8951,177833.25
13572,168716.31
15907,302177.72
12325,219759.66
14000,321628.56
9515,173457.28
4514,274141.8
11968,409870.25
12452,192897.78
2163,246329.88
14538,180988.3
11324,183838.61
10441,161767.42
1952,172558.61
11680,165521.7
16190,273569.75
7649,172681.84
5839,125591.375
4659,166885.62
2273,378856.3
1829,145051.45
3776,247140.22
6607,144284.56
10395,134926.88
10667,321760.56
10950,225813.5
6339,175258.36
12038,258459.89
16128,183434.73
9406,297027.25
13386,176441.38
13063,195104.06
7319,145504.2
11475,150161.08
4109,161750.92
466,174858.31
7169,133103.2
450,179496.31
509,260067.95
14114,215118.44
10865,162400.22
3497,200823.1
9089,193570.61
13675,204249.81
6672,214013.58
5464,190180.44
16267,191810.73
6372,444758.12
4499,209340.97
16547,187969.12
11454,357681.53
16645,403990.6
9569,202559.1
3279,257149.19
12042,236879.08
2547,185308.86
16013,260595.81
12929,195240.62
12343,239392.33
10359,201286.9
12543,194404.94
14928,468971.72
11319,211961.75
14724,207641.05
2850,205602.36
10775,326820.97
8462,186814.1
4724,213609.81
6723,185363.53
14180,217260.36
5593,398491.44
9151,411669.78
8697,506363.22
10758,481695.97
4276,239375.14
13655,313371.6
13674,222772.33
10057,123871.49
10732,157754.6
160,176966.78
7451,196576.86
3512,326029.22
3925,167081.66
14897,139231.47
15963,221920.06
13805,95841.484
6894,110080.8
14327,165304.3
11838,112035.734
12255,152226.3
6587,174140.8
6923,159124.14
8885,154379.98
10486,129686.08
4722,431464.38
14740,209765.2
4754,159808.2
8674,209084.92
13252,184511.25
1905,173910.34
8585,206417.6
11503,179933.53
8979,207106.56
3879,280073.6
5165,195744.5
4200,184859.83
15206,141989.19
927,183333.47
13132,196724.58
8640,278536.38
14157,203660.42
2991,489275.78
15401,221462.28
16356,178145.31
10857,113502.164
5651,151673.27
14405,204208.14
9176,281573.28
16326,142897.33
10397,186391.3
14371,176946.22
10577,132972.38
10605,262677.3
8441,182769.8
9546,106610.95
15433,259099.9
14106,191475.48
13791,175905.47
123,221475.95
6786,188976.14
4618,143902.95
6750,177686.47
2188,173200.62
4729,224061.58
11082,143236.5
947,296664.78
1066,173644.31
13916,212012.03
13134,314652.8
15755,151996.02
14683,246174.23
5590,169089.12
11704,278342.62
11544,166311.25
9457,165135.61
336,238663.66
8667,333844.34
9989,417576.44
3786,91969.18
1467,419935.03
15239,241493.36
6380,243095.84
15200,352853.38
10378,295518.0
9867,204720.7
12443,206394.12
15298,323211.16
9136,182441.23
6713,259249.02
15472,190273.83
4064,213203.75
13576,269352.56
10634,374440.06
13257,119386.0
14535,259473.6
13262,365445.75
13852,122814.81
3238,195816.86
2029,182385.44
1542,281311.47
5796,183035.92
6273,196629.66
8207,90763.47
13913,161069.1
14113,108929.45
11094,158275.38
3598,425704.7
11881,163128.33
4186,330340.2
105,294573.6
12712,196932.23
10699,212102.17
1522,115028.77
6406,175880.44
2600,280394.84
12800,223471.08
14794,155872.6
832,154838.34
11005,221975.77
1329,209582.58
9621,120162.17
3543,190314.6
1234,203191.77
14715,301321.2
13218,183890.61
12522,110722.67
15168,222070.97
3344,170416.86
7989,156175.48
13592,374845.28
2349,104135.68
87,73112.7
3648,171305.2
15383,186581.2
4245,155060.62
3037,327098.78
4963,235388.58
12513,202776.1
11906,309484.88
6321,245519.14
15889,185419.7
16390,207751.12
11080,239086.1
4201,107955.34
3696,200901.94
15188,399567.8
1475,315228.9
15248,436812.28
5836,195406.22
621,330630.94
15618,125103.19
11070,490763.25
5126,316074.84
3191,258668.55
4786,233902.56
6620,244998.03
9169,185135.47
15908,209680.77
5512,143972.38
16496,201894.28
4052,384549.75
1158,197618.23
5860,152836.52
907,196856.02
10880,294595.56
2406,365934.25
16135,209133.89
16655,223286.6
15009,165756.55
9075,151376.83
15211,231238.23
11972,182151.03
7343,165584.92
10693,240288.2
16611,144630.45
11189,130176.28
14873,202693.34
2863,201420.48
1616,123309.914
6932,110685.25
10136,141894.92
430,202287.27
2978,214704.25
9667,163198.28
1215,136336.5
8651,142398.44
11529,147190.72
14115,185664.3
13842,108939.664
12668,191056.39
11298,198342.23
14801,194581.78
12346,233565.88
7741,201011.9
9160,179207.03
4285,189739.25
1738,248143.5
16527,204456.53
11797,94963.43
11537,131469.23
11661,146676.86
16296,288662.06
9835,183499.61
11551,202131.7
7868,484139.78
6828,153343.88
4870,165908.22
14037,196009.33
10255,252793.86
13980,132163.73
12720,178377.84
4391,135346.56
15559,166489.0
11971,310338.3
1294,200647.3
4639,197816.64
10815,231258.31
12270,255519.58
9322,232438.2
14633,144183.19
3733,194777.81
9311,158043.2
14855,317006.66
13819,153177.28
912,360440.3
13565,131346.55
5546,228659.34
14337,241661.12
5902,161987.52
3939,183050.06
12958,166969.28
6810,167206.69
6464,330060.53
15753,242169.22
8295,196984.03
4190,144234.11
13160,185736.84
11609,286232.25
6477,140778.19
7833,159573.86
8088,242764.5
7090,201581.7
4818,208863.12
3010,216136.06
2954,225942.14
16552,181534.5
563,199861.92
13208,272521.97
12886,125386.66
9235,145819.69
2397,240524.05
3059,200633.58
8245,187796.89
11636,205959.69
694,225606.17
7222,150796.34
13986,342253.97
6083,103522.54
9782,172309.6
13060,221607.83
6144,276205.5
15637,211784.7
987,407022.12
10696,308099.34
5319,143027.9
16119,367815.06
8198,144122.45
14721,215737.83
4704,216917.69
8806,360567.66
14764,146116.4
14233,125965.15
14252,289531.2
9139,129184.555
9297,283142.8
8288,233703.38
4879,325500.2
6384,186717.69
7438,195390.19
116,220935.55
364,175605.53
2690,162987.12
2193,412843.3
1228,193836.23
7607,219084.31
6378,152786.12
16520,200953.12
7737,232526.78
15652,149936.8
15578,159388.88
10823,130340.51
11027,114898.625
7076,185470.81
6451,251778.67
15589,170520.67
9532,165323.58
4148,196883.48
1222,330755.66
8066,179197.75
2227,147646.64
8814,327126.66
7121,183970.58
8265,119577.11
2848,183032.64
7971,167616.34
15812,281696.5
2238,200650.75
11569,218143.58
13631,158340.05
13209,189807.94
5448,190515.3
5974,400114.25
10379,168858.73
13829,166107.95
7552,494505.47
11205,161953.69
12787,179993.9
12773,447853.88
1501,346800.22
3650,197855.25
14850,199760.1
8174,105851.14
5565,179112.19
11832,174140.53
15866,161378.34
8742,106012.29
5271,154977.95
11697,246828.45
13516,183990.44
6408,198107.23
15545,204383.94
11148,122614.734
1585,263984.78
4609,170274.73
3174,398051.84
13784,221048.4
7889,106404.17
9385,324290.56
4058,362420.62
6783,198976.02
14676,140899.31
3284,145627.25
4988,175891.45
13369,185568.03
10107,294727.38
11456,159027.94
5837,432585.88
2637,168270.23
10785,404729.84
109,361656.53
5968,70995.46
976,140385.31
882,139563.67
624,158876.9
11904,313466.22
15314,105684.2
6579,100615.75
9199,155706.42
12611,138302.39
2898,198121.95
8461,190759.5
15020,202006.23
5652,116762.305
14262,212732.88
10156,365971.53
4461,176692.06
16666,385859.3
15818,174461.42
4940,221077.95
9403,181410.52
13638,280098.4
6918,213271.95
16307,198534.52
4133,93381.766
12316,301993.78
1655,308335.28
9398,208116.69
4271,238208.33
7584,274657.88
16502,504882.5
7732,183254.98
14812,317472.0
5083,259433.6
4385,273135.34
4024,195812.81
5925,121413.84
5603,286901.3
9172,248677.75
9485,231225.75
337,174471.72
9767,182214.22
8228,207992.69
14346,180592.81
8946,190590.08
11285,279017.78
10588,325192.06
16737,205896.98
2262,331341.8
12102,197441.61
9851,142979.42
941,229421.81
10571,287762.88
11487,249308.56
12137,449026.88
10549,139828.97
11359,135265.77
7724,173590.25
6877,115235.79
12946,130212.04
10555,285889.12
2733,140592.89
734,183286.81
4572,149483.25
9888,353898.3
5547,255754.38
9473,139964.66
10427,287314.4
12081,229510.03
10888,346103.1
4834,228966.62
7141,144111.81
3282,146395.52
10028,410172.06
13941,143242.52
3897,152603.23
3838,147942.95
15315,132080.3
4623,338123.12
1119,223052.17
6031,201391.16
8516,129103.875
9415,159308.83
10798,106303.82
13666,129477.81
11068,332569.56
1489,158455.64
9467,298550.12
1946,277076.62
6511,134526.89
306,182128.5
2837,306989.34
9949,175627.1
12571,264923.4
9991,193725.9
10974,200417.86
5102,226314.25
15565,140836.08
8320,196243.03
4205,230188.48
14341,219452.33
12738,285458.22
7959,112746.11
15526,307758.1
9391,196659.47
13904,142293.84
5423,153318.92
7852,176366.77
16525,86784.91
3823,164916.3
1858,180510.31
8638,480426.7
5777,192441.08
10277,172062.16
8002,302572.1
11877,201254.55
3964,194304.86
16783,281576.94
9896,194374.33
1733,155579.44
12470,259696.22
12569,301268.25
744,166846.27
13608,200472.44
3980,241235.5
13468,159693.92
15482,355117.06
4135,119966.1
8982,527367.0
1928,202767.2
12408,184438.03
2316,75226.97
3340,166524.39
7512,124013.14
10170,231703.1
2558,141944.8
16236,167794.9
9115,91418.55
11183,425071.7
6603,268167.78
8548,366153.88
13883,182546.06
10766,286581.5
9575,268449.44
12048,170216.6
928,205399.64
3068,248267.55
7603,190445.44
12725,165637.8
14089,159286.42
13055,174589.27
16602,173878.98
2797,242608.88
7467,120561.51
651,191819.02
16374,223721.1
16544,164913.55
3098,172247.81
3015,207742.78
13224,195784.45
11299,191283.42
14583,128672.18
4033,146893.53
12076,235484.3
15017,171170.92
13881,278510.25
13000,179509.8
676,231502.83
6331,453347.03
7681,242161.66
1435,254354.9
2966,230538.25
5825,278171.84
5422,359146.7
1663,176026.44
15561,149052.52
10062,255053.77
6476,177304.7
1957,184010.83
10795,183736.56
16197,111150.99
14421,233129.97
12994,192114.75
3493,179521.19
11545,160412.48
6726,144450.05
9513,199170.1
12556,127441.734
9553,159286.42
3734,363900.97
3109,285058.75
16319,206894.38
5959,222993.92
6683,234447.72
9438,152212.06
15857,260708.05
2421,253792.06
11540,219098.75
264,210099.69
16561,244160.38
12288,225021.22
9570,192564.97
5936,166337.05
11390,121645.66
6551,191855.38
3946,218644.25
7746,205119.3
2838,132164.08
2472,206684.5
3520,202096.77
1341,337898.0
3910,357523.72
5208,153805.25
12599,190054.72
2475,227283.0
10966,186674.27
5910,233813.28
11910,196020.12
16221,99045.26
10591,161181.52
3744,204790.7
6618,437906.75
8676,456834.66
11193,169736.25
12659,231864.33
14101,175463.52
14483,167903.08
8107,262545.0
10681,174081.98
10126,211692.19
4527,250234.64
16537,210633.23
15403,169389.0
11124,337177.2
7468,156870.53
3172,172675.69
15847,161551.92
8211,491059.3
9459,224339.88
5903,248297.34
7232,151515.23
3180,188966.11
7147,372455.28
10105,167266.08
7338,119527.11
2446,224603.34
6466,127616.39
5782,135054.25
6526,112665.39
14982,222593.39
14639,264054.22
16052,223526.47
12587,169638.48
13192,77348.51
9342,268317.53
6052,135724.67
7987,184040.14
12165,304650.56
15151,413803.5
16728,177831.28
12735,196726.75
939,169918.88
10983,172886.53
1385,144565.19
1892,170525.3
8352,145923.75
79,175108.05
7171,181691.67
6194,207123.95
6973,158044.48
13786,178758.92
2578,296210.2
11344,172401.31
14536,241016.94
13518,206294.36
15855,330877.66
4387,251082.47
1596,259505.23
4699,401799.12
4559,400149.03
6613,237751.06
7489,129479.58
2127,187666.56
16668,480107.16
5919,104673.266
7696,161260.44
12287,278674.7
1053,239914.27
7924,216427.48
16365,279229.66
13988,424843.12
7415,225990.94
6661,104537.71
14496,179061.67
15112,134006.36
16444,170732.98
8992,225430.47
11054,377893.5
3570,137111.28
11016,71582.85
10455,147274.95
10478,211601.39
7751,184624.67
7913,430471.66
4883,193924.08
12728,418368.2
11482,186990.14
12561,155366.61
2207,232970.33
11946,139039.6
10552,266597.22
14673,146480.17
6914,158853.84
15988,143217.58
3878,189902.56
13937,185623.83
11208,206148.98
3466,107962.76
2799,164637.86
13802,241464.08
15790,134421.88
845,308124.6
13261,206284.47
9986,196496.31
4771,286122.56
11763,283813.34
13249,485946.47
15982,223774.56
5295,160275.25
2828,274688.16
12717,216599.73
14541,144563.73
12898,145005.94
15190,319345.53
13553,261792.95
11589,241278.2
13168,172871.86
14224,192033.56
11844,224034.67
14578,142568.9
6770,245894.06
1003,128711.555
6716,152728.02
6204,406360.0
10213,284975.75
2961,189375.3
14134,181254.66
9134,177150.22
9906,311973.22
12114,210878.11
12706,171770.66
192,213308.17
11022,181611.03
14712,248604.92
2659,481463.7
7602,203840.17
3009,131858.3
4533,538422.25
5620,163735.9
12312,149550.2
10896,172019.45
7532,164699.31
5696,454778.9
10743,419127.56
16708,182698.7
5430,168334.48
4362,181487.78
15599,177984.62
8197,140876.17
8502,99921.17
554,113587.336
16301,160371.6
6206,392694.12
10523,197870.56
7221,203026.14
5906,179248.34
6724,177169.75
9167,198176.66
10380,215968.2
6209,152338.0
14298,129654.484
6854,185263.19
15218,172915.81
5081,172233.11
14572,217687.48
7743,207507.55
11071,225818.47
10673,146542.67
16276,300595.66
2840,194582.53
14414,453179.34
15739,256289.36
4743,171130.89
3156,357622.22
14879,184662.19
758,140737.6
14304,165284.83
1210,337201.1
1137,151146.53
6026,202910.16
841,158921.81
3993,136702.25
16554,329474.06
27,151328.28
13015,201254.55
9428,147311.44
6885,169953.64
2410,162100.95
743,266144.0
9361,308986.25
14016,181906.3
5040,398158.62
14255,166831.06
291,215430.31
3937,196830.69
13374,262776.38
14948,224624.27
37,117644.08
8226,300197.72
9547,133180.88
1000,258739.97
12406,152894.4
8314,220084.33
960,145870.42
31,225571.19
5905,132647.08
15833,371921.25
8146,248872.3
16718,120893.11
2231,179312.33
11286,203282.08
8275,149175.1
16706,470309.8
6594,115313.31
15521,265793.4
1131,234954.03
9595,175404.78
8354,253556.97
15777,114660.36
2330,276186.66
13382,155920.36
16721,87107.414
11393,168214.86
7009,207828.6
1474,172284.53
5816,166142.61
16032,225237.03
3422,345395.9
7231,169112.16
1565,155682.33
10574,142633.19
1107,170253.06
1458,153607.98
12716,509117.47
14039,160251.42
7099,284870.03
4498,283522.53
16394,99397.766
8760,169596.28
5016,135317.47
1097,78534.51
5433,174273.84
7847,199770.75
2903,404740.53
15929,208160.23
9066,415738.1
16152,238579.89
12383,323152.47
7591,302345.12
15435,89799.56
1556,266765.8
10644,235343.66
5333,173243.52
4266,210045.1
7946,242308.77
15594,187271.58
12127,205877.97
7697,456988.38
10020,187168.88
8999,267569.25
15708,171545.0
510,201970.56
7239,129967.76
414,339380.53
9095,166221.72
6136,186137.88
12482,240742.4
1254,137497.78
12989,218225.83
2923,274894.5
13845,123575.28
11169,177784.55
3031,413495.7
12704,287851.22
3430,190262.61
4483,122772.25
1438,163481.0
7790,151205.97
10260,180416.14
8340,203220.77
11099,137030.19
4392,159286.42
1551,200443.78
6566,269329.97
12689,164078.14
16117,195299.23
2800,445972.2
7779,249586.95
4546,172232.72
16734,228331.56
2506,154684.06
12457,154293.03
14626,124058.08
9816,186252.2
5055,154992.47
13894,180907.2
2676,181911.38
13860,189855.83
3029,187560.28
5048,250500.6
12857,135291.38
15813,145739.72
9973,138909.23
6664,284834.8
2764,231549.34
10746,127675.45
1068,257408.72
6797,279728.5
384,138700.4
16012,76759.4
10891,296276.6
1110,124639.99
10284,364666.84
15508,169381.23
6000,70606.6
15275,216495.34
5312,116277.79
391,150083.67
10154,171060.47
7256,186025.56
7947,172890.81
4097,171744.39
1526,372628.53
16261,274210.6
8470,165704.61
3270,212364.6
11212,266590.62
1261,190726.64
13456,128579.73
3862,202973.2
13241,210987.52
8526,251837.47
5013,259530.08
10205,356276.72
1346,225854.48
12977,237893.75
10073,157532.19
9623,205567.86
10590,188922.36
2773,238016.17
4444,274838.88
442,172786.14
8376,239395.22
13461,205216.19
13229,175062.27
8718,191885.31
12847,176062.8
12117,228238.92
14510,144468.08
9254,286504.16
16290,231441.53
3936,219768.83
12526,181096.3
7302,260931.39
3268,208447.17
13230,257035.36
12695,203821.11
14761,282674.8
15771,244760.83
12598,261988.88
15357,165237.3
9874,109082.27
7582,205982.97
16604,474407.22
2023,153631.69
13932,172879.73
13300,94828.266
14040,193394.88
12612,159672.6
14843,326329.3
5242,153582.53
1343,143558.28
14576,186259.05
6257,129525.445
25,170604.58
11043,225202.34
5047,86023.58
16080,233458.33
2161,243626.1
2444,133491.58
5459,221744.11
9033,138701.97
11539,206544.06
14256,175590.78
9219,279305.6
13840,292645.22
4848,201224.14
227,165368.25
6238,186493.39
15530,179182.86
594,142522.84
14505,106995.34
11748,242715.23
13771,148998.25
5778,188797.28
9820,112137.555
14066,204483.94
8498,226562.38
6058,242798.7
13661,198694.4
7992,172136.61
10264,99813.87
6924,185656.27
9183,167551.52
13325,224173.69
10467,73506.85
998,222530.27
3700,202134.84
5094,241230.9
11643,144172.95
8496,182129.64
16487,110889.27
7810,279728.06
15418,178470.62
16355,219968.94
3194,169794.16
9278,224247.66
2707,148271.72
5688,399078.2
7883,208567.77
5250,322708.38
12794,208891.84
15958,316050.3
68,243207.67
9505,183537.31
4162,200698.67
14730,153869.97
14671,375122.56
13981,247061.14
4445,258213.6
15067,160677.42
444,221816.84
1613,192237.47
8509,400951.84
877,135121.56
5170,275896.62
9846,350463.9
5915,167734.86
12459,243192.92
11318,204489.02
16009,226402.31
14466,327308.34
7896,197306.81
11280,161543.27
15529,279340.38
3859,435226.62
16193,175357.83
8796,142398.44
13010,178946.7
8672,140756.89
16756,127517.72
6929,329059.94
6288,252056.5
2842,201450.78
13446,511933.28
10235,159247.66
7654,224714.4
15967,265679.03
8048,182330.78
4253,281467.84
8004,262693.9
1397,333752.22
4799,293622.1
8558,157936.33
6060,266866.0
5608,172915.81
10515,236823.67
8931,237917.33
2396,248420.14
4022,146780.03
12471,288398.34
1711,208143.33
11430,194462.55
9829,215996.7
4425,197877.6
9803,347159.25
4651,319615.47
2189,334299.3
6368,262060.56
6568,223314.45
13827,74124.62
4375,374253.38
5622,208881.92
10559,114057.8
10985,406114.9
159,361949.94
9038,203660.42
9382,380325.72
11998,223147.64
5184,265774.4
10542,159470.72
3537,70202.914
13475,154596.95
15536,345444.03
6948,296843.4
2888,282043.72
2830,224664.12
12064,184806.34
8922,229251.67
16427,191867.23
14051,102902.94
3251,312041.25
14202,142648.95
13756,137468.11
1421,132893.52
14187,195325.6
10166,218967.78
4923,100597.1
11570,198469.11
9844,167237.08
918,158242.08
8919,274580.16
8818,152672.52
2949,182080.34
2423,127630.14
15361,155909.64
13254,105570.46
9692,231600.34
7271,313158.97
2017,247917.47
4036,143341.11
11373,217176.52
13377,276868.0
9977,227454.69
7410,161962.0
11817,222906.94
2573,184943.94
6543,202428.33
8819,179239.55
312,119409.93
14517,186229.27
15090,234230.64
10789,183634.33
1910,196204.53
14652,195010.4
13121,214969.2
5125,237481.0
1959,210205.16
12034,285530.06
15595,118518.36
6153,130227.13
4053,199292.67
10877,278336.44
4529,187969.94
10158,204398.8
9236,197356.53
5299,301065.88
13059,214875.02
11152,252855.64
11914,423963.7
2442,361375.22
7044,174353.25
5893,180402.05
5035,122363.03
979,327659.16
3409,183635.52
6675,197736.9
11650,255393.34
5611,136062.44
5956,152963.67
16435,208425.7
14599,163957.06
4215,193193.33
8873,165820.39
14918,259963.72
10011,153161.19
11446,216447.78
1535,179550.97
14241,194562.61
9543,199464.03
10979,177655.23
14215,402609.7
12365,195834.97
6681,174524.11
2924,228718.88
6445,281809.2
12032,200437.75
10702,180897.9
2974,167493.38
3877,178944.7
15147,181115.75
15984,234646.4
2324,350321.28
7499,196262.67
3801,374822.62
4284,238138.64
9329,180101.94
3120,344180.06
2531,147344.06
13762,140182.4
3691,181395.48
8058,197401.61
4897,173965.34
14925,190259.6
4330,142926.64
5453,183859.1
6559,231672.3
425,365611.66
14024,158471.03
10413,161625.88
15294,185180.69
2821,270491.94
11509,120022.15
9074,170416.86
16091,290658.88
3642,186161.72
16124,194329.34
16449,156438.98
8684,183137.19
2392,329041.84
12234,270814.8
14199,115368.31
834,326394.7
1484,180402.05
15653,136054.89
11663,170951.34
15397,419477.06
11385,197281.94
10151,182624.88
13263,125642.03
4505,251390.86
1851,148914.92
15471,141330.48
6560,232849.27
4007,382624.22
10251,227805.81
265,158630.36
14770,183701.95
1353,248324.06
16335,223839.44
10859,180325.06
641,209021.94
11985,212914.77
8076,185060.81
14160,189561.4
12506,271565.66
8809,199537.33
6957,167237.47
4478,126502.83
4749,205031.64
12322,173226.53
13910,157526.95
8252,191867.45
2431,291242.88
12670,109874.3
7537,164624.3
4637,414304.47
2538,178182.06
15290,226189.16
16072,307286.97
16740,126215.445
6078,170899.12
16723,165827.0
3847,231352.67
5999,94269.25
7678,231842.16
4862,167686.16
12468,134826.16
13409,383445.62
12380,217132.5
8962,128154.35
11004,264100.72
792,158935.81
5687,212082.44
3906,131978.02
13554,120658.04
5863,115664.08
13459,142149.11
12378,251190.14
9935,139321.36
5674,177913.95
4535,220532.08
12310,398636.16
7048,166146.98
1143,358875.12
16085,178191.08
5358,176101.89
7100,227348.0
10384,170680.1
5006,195412.64
7371,157146.75
4720,160349.47
7577,232999.9
15196,192114.05
8467,323926.75
5251,135098.25
9220,140519.23
2151,160275.05
8081,279482.6
15824,177128.83
10545,295402.16
13403,325380.0
1559,70491.125
16795,171068.34
6293,182603.98
16024,197838.12
12167,184110.78
3078,130317.67
6736,217091.34
12124,369623.47
6489,292039.28
2778,186143.08
13074,160340.88
4075,140848.84
15195,242238.2
3160,143060.64
1272,237417.52
14776,243708.27
8497,247330.28
4,194034.98
15732,366408.22
9111,467380.4
10748,184697.58
8944,176039.22
1906,155432.62
11283,107403.79
14269,130692.51
16232,184500.44
1839,328099.66
7894,333504.9
5703,176489.08
1347,346900.72
4849,70511.34
5618,144659.47
9672,219980.34
2638,142516.03
1962,330228.12
11717,223518.64
13358,330075.9
8258,71762.72
8822,201649.31
2927,176837.45
14741,289849.22
8216,140697.69
12317,127866.87
13133,255201.25
1286,177012.67
13116,137058.11
9198,126857.99
13679,195739.22
13877,143859.22
5946,131019.25
7428,206118.88
1073,316343.7
13970,136685.47
8466,183434.73
13135,151129.78
1778,192052.45
195,204543.92
8973,116108.51
10674,169991.2
12350,137158.77
10295,136862.25
7251,293088.0
9245,194680.0
9126,140783.6
7740,232127.31
8956,180482.9
13686,171369.23
2864,166039.61
7110,142210.02
11331,188532.16
16637,168158.94
4580,284970.7
8909,430661.28
11932,234858.95
5243,188804.2
13419,288043.34
3459,276105.53
7053,449053.3
14691,317465.3
12535,171470.38
560,367040.8
7514,245494.56
5305,172672.62
11231,291936.1
8803,127470.43
9791,166982.05
130,189009.27
5874,392907.88
1440,176973.92
6474,182010.42
12168,192254.66
13187,324732.94
9831,223677.95
15943,202446.97
15846,154836.14
1402,203840.17
4968,242444.11
5131,197833.77
15580,111622.02
10869,204008.61
4679,116185.85
13908,149641.61
13489,244214.4
16352,113501.586
5691,189553.38
8780,266698.53
11933,297654.34
4136,378275.8
12873,184095.72
13330,200307.47
797,145272.69
6450,437604.34
10056,157164.53
1050,118108.29
1202,171928.47
6680,120616.2
174,192552.28
6337,142080.73
6704,159535.61
266,141184.25
9195,113596.29
14668,117491.2
9315,227804.94
469,289195.12
8852,193768.66
10907,224632.48
5287,382912.62
4548,235163.23
9637,190329.22
11010,163881.08
9564,175117.5
2681,110027.98
6776,172011.92
8311,190159.2
6580,185048.56
14417,171064.73
3892,196994.16
4929,147454.31
7340,267145.44
13225,186822.75
5581,121927.54
8015,148617.17
13567,138265.22
10596,201447.23
11291,159352.33
10901,254885.61
9349,265646.56
4030,240321.52
8357,184790.75
829,166534.86
5529,335071.8
4134,208080.28
4867,189696.58
903,215745.45
3701,180436.45
12916,101173.664
9031,199045.06
1965,291466.3
13851,226588.39
9314,214400.8
7386,179657.6
4088,149713.69
14907,447153.2
5991,205091.23
10265,255147.36
15260,152182.22
8053,183615.33
9577,228641.94
15509,144448.16
12153,253278.0
3218,222612.08
4740,248553.6
682,181470.42
12176,221162.39
12385,160125.48
2523,86675.23
5801,168358.66
12751,154877.16
15121,189455.6
517,379333.6
4822,225789.81
1129,391456.56
12396,172276.69
11329,243403.08
11856,289208.84
3653,171309.11
13404,79175.12
14486,398066.03
3502,179508.33
7717,88974.85
8808,175183.12
11676,201342.86
7033,244262.9
1681,176085.3
6658,142379.2
959,430108.78
4871,206592.97
6946,191963.0
13763,249893.16
15320,283009.56
3065,135200.0
14742,159586.98
13959,133105.06
2427,170581.36
1716,267314.75
6258,125959.11
16677,154850.12
206,304324.88
13659,512989.06
7782,142975.3
3308,121128.6
9073,125965.15
6342,430668.16
868,327926.34
10153,243946.36
16788,166523.45
14886,149325.45
4674,188373.7
13599,148511.2
6851,212821.77
6443,213540.22
9903,157814.17
8321,322145.78
10686,197915.02
11106,151628.55
11845,120462.72
2439,295062.5
5461,453012.8
14559,223044.81
10215,169681.98
13566,304317.25
16563,124987.01
10492,256355.8
13847,214576.72
3607,197370.22
2844,157145.27
3499,158499.08
7478,368745.56
4728,287949.44
10883,174367.64
13602,87294.266
3751,144924.44
10299,185147.31
13023,149866.44
14498,216113.34
13601,126351.34
5787,149814.12
7853,167405.2
2429,264392.75
2359,284675.72
13926,256936.55
4278,148579.86
14307,232204.19
15677,349902.9
9,128224.875
12630,156530.98
16428,381920.88
13285,204645.88
7902,133590.53
866,109585.19
6077,157228.84
4015,320863.62
16350,161926.89
14793,140781.62
1409,186090.12
5199,155056.92
12036,293880.66
9654,142968.72
13106,152310.61
11780,185004.78
355,206961.42
6247,143670.9
1045,236487.97
4019,229980.97
2048,226864.34
14586,88898.086
6720,202793.17
5509,128982.5
8463,234949.23
3202,232676.92
6910,158923.19
5701,327967.47
1,252460.4
6853,170435.55
5386,201405.0
9251,240547.86
8580,190017.75
3644,215469.55
3258,190407.5
329,227004.12
5038,223232.36
2526,187852.72
2082,386255.03
11081,157246.11
3927,204178.88
12305,192681.48
10975,276679.78
2590,217486.72
9337,180211.0
9368,171136.0
16111,158350.19
986,291993.6
426,178232.14
10040,187586.52
16463,155380.83
3704,250528.73
15406,264341.88
10035,314043.8
16251,139895.92
9520,497433.03
503,193500.89
8260,268500.72
14309,243455.1
16054,302303.75
3885,243551.88
5924,154216.6
12843,171473.08
14300,120837.38
12608,264815.56
11437,161425.89
9535,158395.66
1528,201622.56
11518,167493.38
6401,248760.28
9129,174587.55
13069,192753.9
16607,168377.86
1473,285776.16
6085,213004.48
4067,256671.94
9178,175727.06
5090,129977.234
15046,271578.34
13621,165540.94
16065,208020.38
1944,185597.05
1060,273471.9
1764,291038.97
1705,180714.58
9961,104622.49
18,227948.27
10371,99407.484
13185,129012.75
13139,264846.6
3161,320829.72
11931,232637.52
8759,192545.86
12969,105250.78
14329,246057.17
3637,192434.58
1165,118883.17
9976,194213.31
16490,183347.33
2074,297233.94
15364,344532.38
11394,287513.28
10222,237767.5
5948,125592.805
7494,183715.88
6285,235038.94
15220,140000.05
3237,152241.95
3528,197396.14
6289,290601.7
15784,212854.17
15321,316278.03
4562,143602.39
6402,235712.53
12688,211459.94
3536,171038.42
8426,125592.805
12434,255648.27
5645,194304.73
15080,216771.83
4677,186119.02
9818,355593.03
13496,155397.36
15682,232698.17
6284,238573.56
14342,179946.67
8109,206014.92
14818,244687.77
5724,106142.62
7471,168872.3
14905,202062.67
9719,376911.25
10637,293699.25
12838,168360.56
15949,197675.33
2334,259365.55
3416,181069.2
12303,153037.97
528,175768.66
980,183254.98
1298,116168.57
13728,185187.88
10842,125965.15
14596,106988.24
1899,304458.78
16380,254693.94
7855,165896.95
8147,270696.1
11469,157098.42
5779,69879.0
3389,425840.22
7885,245818.03
5254,436653.22
6383,135253.0
3498,205592.23
16166,524673.94
2413,235893.42
14653,259798.56
9345,150829.88
13711,176986.53
822,213000.94
12640,179211.56
11954,266681.03
7914,367590.47
7394,284984.5
7354,190741.4
13058,153214.42
4836,242824.39
362,134721.69
9365,147263.95
211,128329.2
8543,155772.03
188,185984.4
14196,300589.78
7114,299742.5
13431,192601.03
12869,288558.0
16681,251796.77
16528,175566.44
390,373966.8
11752,154882.55
4408,149112.36
3315,173577.22
16071,206803.08
16535,70974.086
12463,227550.06
12790,250023.19
11787,133782.1
14577,204101.12
4431,272507.2
10286,140608.05
1676,303242.2
13993,244103.53
4761,185782.4
14670,222124.89
4795,227677.7
15411,233978.73
2909,69682.48
8236,407244.16
14017,149052.52
13974,243317.67
6513,243785.08
7695,164490.94
5286,176841.5
4902,251024.03
1124,298783.03
10436,184843.88
14749,255716.27
2609,207746.16
14548,218956.19
1566,151369.27
3649,170021.45
16101,243635.89
13095,172679.83
2779,174369.64
14203,137537.94
11019,177861.08
7653,158742.28
12835,178840.05
9683,282355.25
6955,127214.06
11504,122065.02
12110,172657.16
237,191821.92
2612,203660.42
8855,292971.56
8729,139725.2
11580,197735.34
13807,205347.27
5375,192224.66
16767,313609.34
14540,207801.03
255,293406.12
3586,162073.58
5671,206473.94
10311,345359.0
13280,227267.55
1788,210861.81
12128,184457.53
3576,415960.38
1285,224728.81
13502,184774.12
6518,215575.77
1729,165016.27
5398,172902.02
12539,256025.64
1476,170665.55
5057,323747.28
5133,238095.58
2196,441878.4
4041,203024.52
5252,76668.625
12879,170416.86
13210,211254.14
7390,344676.16
15942,145094.1
7054,127725.086
14632,235364.06
10208,214069.02
14120,170093.27
13607,208654.02
9647,209047.42
12134,186853.38
8593,161356.75
16231,140899.31
12474,167475.86
11640,151804.48
1685,120395.66
4474,149582.64
15313,176671.08
1736,141612.52
16471,167848.17
12517,203807.95
15437,193532.72
3381,180978.66
16555,143111.2
15738,185811.8
2896,114120.85
11356,324681.06
9734,148776.61
1890,163936.62
15344,190103.05
13575,135787.52
14595,211826.62
10567,235780.34
12889,181147.44
1213,203686.97
8841,109384.2
473,236574.38
14853,206504.75
15271,410118.94
14191,248537.88
12703,266767.12
2649,197255.34
14916,155019.52
8975,120628.92
12108,236836.86
6070,162324.67
15765,169024.75
3713,101431.43
1618,301496.6
13874,166024.72
4407,128562.766
8550,201129.3
15759,355958.9
7808,130066.4
1127,204624.31
13108,304944.3
4426,175193.97
6175,230576.05
7903,238077.23
2076,72025.05
9924,233776.67
2322,143007.92
13844,179214.06
13871,132802.08
5908,252496.27
429,454471.4
3443,139371.84
170,175002.0
9879,271370.06
15324,290095.88
15616,169516.06
14217,219278.1
5262,157926.0
13426,274229.38
13286,169247.45
10464,175296.64
10881,197307.06
12776,127220.1
10664,187733.52
15237,184247.25
15999,231578.52
4816,334160.88
13856,161132.73
2701,206505.72
635,173147.8
4016,222713.62
64,215909.83
4881,205892.48
7017,302501.56
7184,218096.27
487,159527.62
15897,349079.2
11444,142812.83
3260,172392.67
3127,168239.92
7899,139251.0
5705,203288.11
12960,233317.2
4046,178932.2
2190,258698.69
15787,145499.78
1926,235156.95
3944,176104.47
14709,232415.22
13046,172881.52
9845,199444.12
7432,104615.664
11524,217215.92
6393,183627.47
11323,154975.89
10352,286477.75
6811,349321.3
2606,299010.12
11660,367394.6
8305,200909.25
7357,213700.7
14796,161784.77
15587,156195.9
2461,273263.6
5605,185978.12
6554,173123.11
7662,240985.97
11798,216866.45
12078,192746.8
1758,126332.14
7661,500563.5
3335,180586.06
2854,206196.14
16659,228740.14
5241,293151.88
16469,343822.28
16098,187235.95
15049,168560.42
5152,75874.71
2166,158488.83
16465,206071.5
1768,126102.39
8744,162652.53
10594,180709.28
1339,146542.42
6998,186555.16
723,210970.52
11357,193121.48
4413,182493.05
5026,197833.78
4412,249289.47
537,151691.95
10270,116398.1
9571,245045.9
9969,237984.19
7822,70024.34
6621,204356.34
208,176721.89
5195,209466.98
7032,143653.31
8263,182334.56
14719,442933.62
15622,180258.19
4259,185456.98
3085,315214.47
172,181809.14
7130,140998.3
8767,173855.45
3087,165900.5
4089,269918.38
11477,127484.64
2246,190154.38
1793,169864.7
1630,177675.33
1189,123778.06
6050,244394.78
8752,148399.97
8963,187511.61
9671,411001.47
4820,145859.25
4475,158013.25
6396,212217.02
8932,184739.81
162,176868.34
10847,147433.95
5692,395052.16
7316,242463.56
5485,218789.03
9780,323122.16
7307,145129.94
9739,266784.8
7426,138061.88
835,168192.1
11744,256675.84
11907,193922.17
5684,207957.12
10335,116832.48
4466,215649.73
11593,130779.04
244,212735.75
15205,309969.44
6071,179578.89
9455,487033.47
15862,314265.66
8165,277351.16
5002,244707.9
5922,252670.75
16616,260172.03
7615,219537.19
7911,163320.36
7748,220369.28
11265,348037.72
15820,174174.03
6648,178046.92
7117,268602.4
10262,185432.92
2853,267760.66
4606,237957.3
12747,143169.84
3953,143395.58
3552,195835.28
2675,232642.16
4611,192836.31
2025,215805.02
5424,193017.42
8546,173613.88
8875,152402.5
2807,358938.38
8578,224846.03
786,330834.06
3945,205611.56
16733,130867.8
16191,158799.39
12669,170416.86
10493,154483.78
6671,220666.83
9330,233428.48
1622,167388.27
8713,205182.53
8696,245066.38
9187,247454.2
14551,160477.62
2646,300557.28
9563,287351.78
4031,159906.05
5155,188598.67
12116,373720.84
3834,382801.47
7785,212028.94
307,158596.6
13663,166446.72
16357,112926.055
10646,148707.02
5615,155686.2
4604,175318.38
9308,184571.11
16789,231825.72
15721,201285.69
4994,393410.22
5454,157548.64
4034,194551.38
1420,415589.22
6453,143686.55
8167,180725.39
11657,235673.86
14356,401408.66
2024,179026.3
7701,105706.23
6291,194881.94
789,181492.92
16315,281950.12
3677,182561.39
13309,151571.17
2088,91127.4
3707,183795.48
5240,223280.45
13197,197657.42
3147,142883.77
76,352372.72
14287,152070.77
7940,243865.44
2515,104929.85
4891,227966.47
7623,306393.4
10671,414234.22
13030,175749.2
14686,221659.27
13272,265291.22
14954,201428.08
16264,217339.02
14461,181481.42
13107,274279.12
8740,341028.38
2824,229411.05
1645,140505.33
15613,162487.03
4803,229780.84
971,160204.78
13952,169503.8
3320,178235.28
15110,161998.73
2440,191624.92
10462,142390.69
6011,278276.25
9405,129967.76
511,168580.83
4141,411565.62
11651,150329.22
343,210074.72
14750,233155.31
3711,180882.1
6322,151333.48
6533,199438.28
6089,210849.25
286,227769.14
7639,102820.05
16722,171425.94
9157,204152.52
7137,263685.44
6669,300684.3
3326,307075.22
5820,156485.55
11604,227166.11
16087,187259.38
5327,226954.14
13639,210457.33
349,317269.47
15181,260701.31
4821,267815.06
1740,181479.12
3450,145564.14
16064,108492.91
1804,111622.02
5296,124937.68
5346,494067.3
4723,323658.44
417,158785.45
15756,161826.66
14090,184722.12
14778,328691.6
2560,164170.27
12920,81444.02
8249,144345.34
7125,155409.97
11732,157511.3
13365,441813.78
5361,360863.84
15937,260086.86
2591,182737.53
15706,193905.2
2105,214176.48
7220,310546.88
14562,191751.27
6836,166617.61
8180,244115.27
4695,136337.05
5783,322358.78
4780,197283.86
12504,179277.14
